% CS6380_load_wind_data

centers = [30 50 11 10 2 1 0 0;...
           10 20 12 10 2 0 1 0];
