% CS6380_load_rain_data

centers = [30 50 11 20 0.5];
